14 0 0 0 0 0 0 0 0 0 0 0 0 0 0 0 0 0 0 0 0 0 0 0 0 0 0 0 0 0 0 0 0 0 0 0 0 0 0 0 0 0 0 0 0 0 0 14
14 0 0 0 0 0 0 0 0 0 0 0 0 0 0 0 0 0 0 0 0 0 0 0 0 0 0 0 0 0 0 0 0 0 0 0 0 0 0 0 0 0 0 0 0 0 0 14
14 0 0 0 0 0 0 0 0 0 0 0 0 0 0 0 0 0 0 0 0 0 0 0 0 0 0 0 0 0 0 0 0 0 0 0 0 0 0 0 0 0 0 0 0 0 0 14
14 0 0 0 0 0 0 0 0 0 0 0 0 0 0 0 0 0 0 0 0 0 0 0 0 0 0 0 0 0 0 0 0 0 0 0 0 1 0 0 0 0 0 0 0 0 0 14
17 0 0 0 0 0 0 0 0 0 0 0 0 0 0 0 0 0 0 0 0 0 0 0 0 0 0 0 0 0 0 0 0 0 0 0 0 1 0 0 0 0 0 0 0 0 0 14
17 0 0 0 0 0 0 0 0 0 0 0 0 0 2 0 0 0 0 0 0 0 0 0 0 0 0 0 0 0 0 0 0 0 0 0 0 1 0 0 0 0 0 0 0 0 0 14
17 0 0 0 0 0 0 0 0 0 0 0 0 14 14 14 14 14 14 0 0 0 0 0 0 0 0 0 0 0 0 14 0 2 0 0 0 14 14 14 14 0 0 0 0 0 0 14
17 0 0 0 0 0 14 14 14 14 14 17 17 17 14 17 17 17 17 0 0 0 0 0 0 0 0 0 0 0 0 14 14 14 0 0 14 14 14 14 14 14 14 0 0 0 0 17
17 0 0 0 0 0 17 17 17 17 17 17 17 17 17 17 0 0 0 0 0 0 0 0 0 0 0 0 0 0 14 14 14 14 14 14 14 14 14 14 14 14 14 14 14 0 1 17
17 14 0 0 0 0 0 17 17 17 17 0 0 0 0 0 0 0 0 0 0 0 0 0 0 0 0 0 0 17 17 17 17 17 17 14 14 14 17 17 17 17 17 17 17 0 14 17
17 14 0 0 0 0 0 0 0 0 0 0 0 0 0 0 0 0 0 0 14 0 1 0 0 0 0 0 0 0 0 0 17 17 17 17 17 17 17 17 17 17 0 0 0 0 14 17
17 14 0 0 0 0 0 0 0 0 0 0 0 0 0 0 0 0 0 14 14 0 1 0 0 0 0 0 0 0 0 0 0 0 17 17 17 17 0 0 0 0 0 0 0 0 14 17
17 14 0 0 0 0 0 0 0 0 0 0 0 0 0 0 0 0 14 14 14 14 14 0 0 0 0 0 0 0 0 0 0 0 0 0 17 0 0 0 0 0 0 0 0 0 14 17
17 14 0 0 0 0 0 0 0 0 0 0 0 0 0 0 0 14 14 14 17 17 14 14 14 0 0 0 0 0 0 0 0 0 0 0 0 0 0 0 0 0 0 0 0 0 14 17
17 14 0 0 0 0 0 2 0 0 0 0 0 0 0 0 0 17 17 17 17 17 17 17 17 0 0 0 0 0 0 0 0 0 0 0 0 0 0 0 0 0 0 0 0 0 14 17
17 14 0 0 0 0 14 14 14 0 0 0 0 0 0 0 0 0 0 17 17 17 17 0 0 0 0 0 0 0 0 0 0 0 0 0 0 0 0 0 0 0 0 0 0 0 14 17
17 14 0 0 0 17 17 14 17 17 0 0 0 0 0 0 0 0 0 0 0 0 0 0 0 0 0 0 0 0 0 0 0 0 0 0 0 0 0 0 0 0 0 0 0 14 17 17
17 14 0 0 0 0 17 17 17 0 0 0 0 0 0 0 0 0 0 0 0 0 0 0 0 0 0 0 0 0 0 0 0 0 0 0 0 0 0 0 0 0 0 0 0 14 17 17
17 14 0 0 0 0 0 0 0 0 0 0 0 0 0 0 0 0 0 0 0 0 0 0 0 0 0 0 0 0 0 0 0 0 0 0 0 0 0 0 0 0 0 0 0 14 17 17
17 17 14 0 0 0 0 0 0 0 14 14 14 14 14 14 14 14 14 14 14 14 14 14 14 14 14 14 14 14 14 0 0 0 0 0 0 0 0 0 0 0 0 0 0 14 17 17
17 17 14 0 0 0 0 0 0 0 17 17 17 17 14 14 14 14 14 14 14 14 14 14 17 17 17 17 17 17 17 0 0 0 0 0 0 0 0 0 0 0 0 0 14 14 17 17
17 17 14 0 0 0 0 0 0 0 0 0 17 17 17 17 17 17 17 17 17 17 17 17 17 17 17 0 0 0 0 0 0 0 0 0 0 0 0 0 0 0 0 0 14 14 17 17
17 17 14 0 0 0 0 0 0 0 0 0 0 0 17 17 17 17 17 17 17 17 17 17 17 17 0 0 0 0 0 0 0 0 14 14 14 14 14 14 0 0 0 0 14 14 17 17
17 17 14 14 0 2 0 0 0 0 0 0 0 0 0 0 0 17 17 17 17 17 17 0 0 0 0 0 0 0 0 0 0 0 17 17 17 17 17 17 0 0 0 0 14 17 17 17
17 17 14 14 14 14 0 0 0 0 0 0 0 0 0 0 0 0 0 0 0 0 0 0 0 0 0 0 0 0 0 0 0 0 0 0 17 17 0 0 0 0 0 14 14 17 17 17
17 17 14 14 14 14 0 0 0 0 0 0 0 0 0 0 0 0 0 0 0 0 0 0 0 0 0 0 0 0 0 0 0 0 0 0 0 0 0 2 0 14 14 14 14 17 17 17
17 17 14 14 14 14 0 0 0 0 0 0 0 0 0 0 0 0 0 0 0 0 0 0 0 0 0 0 0 1 0 0 1 0 0 0 0 0 0 14 14 14 14 14 14 17 17 17
17 17 17 14 14 14 14 0 0 0 0 0 1 0 0 0 0 0 0 0 1 0 0 0 0 0 0 0 0 1 0 0 1 0 0 0 0 0 14 14 14 14 14 14 17 17 17 17
17 17 17 14 14 14 14 0 1 0 0 0 1 0 2 0 0 0 0 0 1 0 0 0 0 0 0 0 0 1 0 0 14 14 14 14 14 14 14 14 14 14 14 14 17 17 17 17
17 17 17 17 14 14 14 14 14 14 14 14 14 14 14 14 14 0 0 0 1 0 0 0 2 0 0 14 14 14 14 14 14 14 14 14 14 14 14 14 14 14 17 17 17 17 17 17
17 17 17 17 14 14 14 14 14 14 14 14 14 14 14 14 14 14 14 14 14 14 14 14 14 14 14 14 14 14 14 14 14 14 14 14 14 14 14 17 17 17 17 17 17 17 17 17
17 17 17 17 17 14 14 14 14 14 14 14 14 14 14 14 14 14 14 14 14 14 14 14 14 14 14 14 14 14 14 14 14 14 14 17 17 17 17 17 17 17 17 17 17 17 17 17
17 17 17 17 17 17 14 14 14 14 14 14 14 14 14 14 14 14 14 14 14 14 14 14 14 14 14 14 14 14 14 14 17 17 17 17 17 17 17 17 17 17 17 17 17 17 17 17
17 17 17 17 17 17 17 14 14 14 14 14 14 14 14 14 14 14 14 14 14 14 14 14 14 14 14 14 17 17 17 17 17 17 17 17 17 17 17 17 17 17 17 17 17 17 17 17
17 17 17 17 17 17 17 17 17 17 17 17 17 17 17 17 17 17 17 17 17 17 17 17 17 17 17 17 17 17 17 17 17 17 17 17 17 17 17 17 17 17 17 17 17 17 17 17
17 17 17 17 17 17 17 17 17 17 17 17 17 17 17 17 17 17 17 17 17 17 17 17 17 17 17 17 17 17 17 17 17 17 17 17 17 17 17 17 17 17 17 17 17 17 17 17
