15 0 0 0 0 0 0 0 0 0 0 0 0 0 0 0 0 0 0 0 0 0 0 0 0 0 0 0 0 0 0 0 0 0 0 0 0 0 0 0 0 0 0 0 0 0 0 15
3 0 0 0 0 0 0 0 0 0 0 0 0 0 0 0 0 0 0 0 0 0 0 0 0 0 0 0 0 0 0 0 0 0 0 0 0 0 0 0 0 0 0 0 0 0 0 3
3 15 0 0 0 0 0 0 0 0 0 0 0 0 0 0 0 0 0 0 0 0 0 0 0 0 0 0 0 0 15 15 0 0 0 0 0 0 0 0 0 0 0 0 0 0 0 3
3 3 0 0 0 0 0 0 0 0 0 0 0 0 0 0 0 0 0 0 0 0 0 0 0 0 0 0 0 0 3 3 0 0 0 0 0 0 0 0 0 0 0 0 0 0 15 3
3 3 15 0 0 0 0 0 0 0 0 0 0 0 0 0 0 0 0 0 0 0 0 0 0 0 0 0 0 15 3 3 0 0 0 0 0 0 0 0 0 0 0 0 0 0 3 17
3 3 3 0 0 0 0 0 0 0 0 0 0 0 0 0 0 0 0 0 0 0 0 0 0 0 0 0 15 3 3 3 15 0 0 0 0 0 0 0 0 0 0 0 0 0 3 17
17 3 3 0 0 0 0 0 0 0 0 0 0 0 0 0 0 0 0 0 0 0 0 0 0 0 0 0 3 3 17 17 3 15 0 0 0 0 0 0 0 0 0 0 0 0 17 17
17 17 3 0 0 0 0 0 0 0 0 0 0 0 0 0 0 0 0 0 0 0 0 0 0 0 0 15 17 17 17 17 17 3 15 0 0 0 0 0 0 0 0 0 0 0 17 17
17 17 3 0 0 0 0 0 0 0 0 0 0 0 0 0 0 0 0 0 0 0 0 0 0 0 0 0 0 0 17 17 17 17 17 0 0 0 0 0 0 0 0 0 0 15 17 17
17 17 3 0 0 0 0 0 0 0 0 0 0 0 0 0 0 0 15 15 15 15 15 15 15 0 0 0 0 0 0 0 0 0 0 0 0 0 0 0 0 0 0 0 0 3 17 17
17 17 3 0 0 0 0 0 0 0 0 0 0 0 0 0 0 0 3 3 3 3 3 3 3 15 0 0 0 0 0 0 0 0 0 0 0 11 0 0 0 0 0 0 0 3 17 17
17 17 3 0 0 0 0 0 0 0 0 0 0 0 0 0 0 0 0 0 0 0 3 3 3 3 0 0 0 0 0 0 0 0 0 0 11 16 11 0 0 0 0 0 0 3 17 17
17 17 3 15 0 0 0 0 0 0 0 0 0 0 0 0 0 0 0 0 0 0 0 3 3 3 15 0 0 0 0 0 0 0 0 0 0 16 0 0 0 0 0 0 0 3 17 17
17 17 3 3 0 0 0 0 0 0 0 0 0 0 0 0 0 0 0 0 0 0 0 0 3 3 3 0 0 0 0 0 0 0 0 0 11 16 11 0 0 0 0 0 0 3 17 17
17 17 3 3 0 0 0 0 0 0 0 0 0 11 0 0 0 0 0 0 0 0 0 0 3 3 3 15 0 0 0 0 0 0 0 11 11 16 11 11 0 0 0 0 15 3 17 17
17 17 3 3 0 0 0 0 0 0 0 0 11 16 11 0 0 0 0 0 0 0 0 15 3 3 3 3 0 0 0 0 0 0 0 0 11 16 11 0 0 0 0 0 3 3 17 17
17 17 3 3 0 0 0 0 0 0 0 0 0 16 0 0 0 0 0 0 0 0 0 3 3 3 3 3 15 0 0 0 0 0 11 11 11 16 11 11 11 0 0 0 3 3 17 17
17 17 3 3 0 0 0 0 0 0 0 0 11 16 11 0 0 0 0 0 0 0 0 3 3 3 3 3 3 0 0 0 0 0 0 0 0 16 0 0 0 0 0 0 3 3 17 17
17 17 3 3 0 0 0 0 0 0 0 11 11 16 11 11 0 0 0 0 0 0 0 3 17 17 17 3 3 0 0 0 0 0 0 11 11 16 11 11 0 0 0 0 3 17 17 17
17 17 3 3 0 0 0 0 0 0 0 0 0 16 0 0 0 0 0 0 0 0 0 3 17 17 17 3 3 0 0 0 0 0 11 11 11 16 11 11 11 0 0 15 3 17 17 17
17 17 3 3 15 0 0 0 0 0 0 11 11 16 11 11 0 0 0 0 0 0 0 3 17 17 17 3 3 15 0 0 0 0 0 0 0 16 0 0 0 0 0 3 3 17 17 17
17 17 3 3 3 0 0 0 0 0 11 11 11 16 11 11 11 0 0 0 0 0 0 3 17 17 17 17 3 3 0 0 0 0 0 0 11 16 11 0 0 0 0 3 3 17 17 17
17 17 3 3 3 0 0 0 0 0 0 0 0 16 0 0 0 0 0 0 0 0 0 3 17 17 17 17 3 3 0 0 0 0 0 11 11 16 11 11 0 0 0 3 3 17 17 17
17 17 3 3 3 15 0 0 0 0 0 0 11 16 11 0 0 0 0 0 0 0 15 3 17 17 17 17 3 3 15 0 0 0 11 11 11 16 11 11 11 0 0 3 3 17 17 17
17 17 3 3 3 3 15 15 0 0 11 11 11 16 11 11 11 0 0 0 0 0 3 3 17 17 17 17 3 3 3 0 0 0 0 0 0 16 0 0 0 0 15 3 3 17 17 17
17 17 3 3 3 3 3 3 0 0 0 0 0 16 0 0 0 0 0 0 0 0 3 3 17 17 17 17 17 3 3 0 0 0 0 0 0 16 0 0 0 0 3 3 3 17 17 17
17 17 17 3 3 3 3 3 15 0 0 0 0 16 0 0 0 0 0 0 0 0 3 3 17 17 17 17 17 3 3 0 0 0 0 0 0 16 0 0 0 0 3 3 3 17 17 17
17 17 17 17 17 17 3 3 3 15 0 0 0 16 0 0 0 0 0 0 0 15 3 3 17 17 17 17 17 3 3 0 0 0 0 0 0 16 0 0 0 0 3 3 17 17 17 17
17 17 17 17 17 17 17 3 3 3 0 0 0 16 0 0 0 0 0 0 0 3 3 17 17 17 17 17 17 3 3 15 0 0 0 0 0 16 0 0 0 0 3 3 17 17 17 17
17 17 17 17 17 17 17 17 3 3 15 15 0 16 0 0 0 0 0 15 15 3 3 17 17 17 17 17 17 3 3 3 0 0 0 0 0 16 0 0 0 15 3 3 17 17 17 17
17 17 17 17 17 17 17 17 17 3 3 3 15 3 15 15 15 15 15 3 3 3 3 17 17 17 17 17 17 3 3 3 15 15 0 0 0 16 0 0 15 3 3 3 17 17 17 17
17 17 17 17 17 17 17 17 17 3 3 3 3 3 3 3 3 3 3 3 3 3 17 17 17 17 17 17 17 17 3 3 3 3 15 15 15 3 15 15 3 3 3 17 17 17 17 17
17 17 17 17 17 17 17 17 17 17 3 3 3 3 3 3 3 3 3 3 3 17 17 17 17 17 17 17 17 17 17 3 3 3 3 3 3 3 3 3 3 3 3 17 17 17 17 17
17 17 17 17 17 17 17 17 17 17 17 17 3 3 3 3 3 3 3 3 17 17 17 17 17 17 17 17 17 17 17 3 3 3 3 3 3 3 3 3 3 17 17 17 17 17 17 17
17 17 17 17 17 17 17 17 17 17 17 17 17 17 17 17 17 17 17 17 17 17 17 17 17 17 17 17 17 17 17 17 3 3 3 3 3 3 3 17 17 17 17 17 17 17 17 17
17 17 17 17 17 17 17 17 17 17 17 17 17 17 17 17 17 17 17 17 17 17 17 17 17 17 17 17 17 17 17 17 17 17 17 17 17 17 17 17 17 17 17 17 17 17 17 17
32 32