444444444444444444444444444444444444444444444444
444444444440000000000000000000000000000004444444
444444000000000000000000000000000000000000004444
444400000000000000000000000000000000000000000444
440000000000000000000000000000000000000000044444
400000000000000000000000000000000000004444444444
400000000000000004444333333333333333444444444444
440000000000000004444444441111114444444004444444
444400000000000222220004444444444400000000044444
444440000000002222200000044444400000000004444444
444444400000022220000000000044000000000000000044
440004440000020022220000000000000000000000000004
400000444000000000000000000000000000000444000004
400000000000000000000000004000000000000444440004
400000000000000000000000044400000000004444444004
444004440000000000000000002000000000044400000004
444444444444444400000000222000000000444440000004
444444444444444444400022222222000444444441111144
444440000000000022000000000220000000444444444444
440000000000002222000000000000000000000444444444
444000000000000022220000000000000000000004444444
444400000000000000000000000000000000000000004444
444440000000000000000000000044444440000000000444
444444440000000000000444444444444444000000000004
400000444444000000004444444444444444444444440004
400000020000000044444444444444444444444400000004
400000222000000004444444444444444440000000000004
440000022222200000000004444444000000000000000004
444000000000000000000000004444000000000000000044
444433333333333333333333444444444333333333333344
441111111111111111111114444444444411111111111444
411111111111111111114444444444411111111111111444
411111111111111111111111144444441111111111111444
444444444411111111111111111444441111111111114444
444444444444444444411111114444444411111144444444
444444444444444444444444444444444444444444444444