300000000000000000000000000000000000000000000003
100000000000000000000000000000000000000000000001
100000000000000000000000000000000000000000000001
100000000000033333333333000000000000003300000001
100000000003311111111111300000000033331133300001
100000000000005511111111133000000000055550000005
500000000000000555555550000000000000000000000035
500000000000000000000000000000000000000000000015
500000000000000000000000000000000000000000000015
500000000000000000000000033333333333330000000015
500666333333333333000000000555555555000000000315
500233111111111111330000000006000000000000000155
500205555555555550000000000002000000000000000155
500200000555000000000000000002000000000000000155
530200000000000000000330000002000000000000000155
510200000000000000003113000002000000000000000155
510200000000000000001111000002000000000000003555
510200000000000000001511000002033333000000001555
510200000000000000001551400002000333333000001555
510200000000000000001551400002000005500000001555
510200000000000000041555400002000000000000031555
550200000000000000041555440002000000000000015555
550200000000000000045555440002000000000000015555
553266666666666666645555446662666666666664415555
551222222222222222245555444222222222222244415555
551222222222222222445555544222222222222444555555
551422222222222222445555554222222222222445555555
551422222222222222455555555422222222224455555555
551442222222222222455555555442222222224455555555
551442222222222222455555555442222222444555555555
555442222222222224455555555542222222445555555555
555544222222222224555555555542222244455555555555
555554444222224444555555555544444445555555555555
555555555555444555555555555555555555555555555555
555555555555555555555555555555555555555555555555
555555555555555555555555555555555555555555555555