9 0 0 0 0 0 0 0 0 0 0 0 0 0 0 0 0 0 0 0 0 0 0 0 0 0 0 0 0 0 0 0 0 0 0 0 0 0 0 0 0 0 0 0 0 0 0 9
3 0 0 0 0 0 0 0 0 0 0 0 0 0 0 0 0 0 0 0 0 0 0 0 0 0 0 0 0 0 0 0 0 0 0 0 0 0 0 0 0 0 0 0 0 0 0 3
3 0 0 0 0 0 0 0 0 0 0 0 0 0 0 0 0 0 0 0 0 0 0 0 0 0 0 0 0 0 0 0 0 0 0 0 0 0 0 0 0 0 0 0 0 0 0 3
3 0 0 0 0 0 0 0 0 0 0 0 0 0 0 0 0 0 0 0 0 0 0 0 0 0 0 0 0 0 0 0 0 0 0 0 0 0 0 0 0 0 0 0 0 0 0 3
3 0 0 0 0 0 0 0 0 0 0 0 0 0 0 0 0 0 0 0 0 0 0 0 0 0 0 0 0 0 0 0 0 0 0 0 0 0 0 0 0 0 0 0 0 0 0 3
3 0 0 0 0 0 0 0 0 0 0 0 0 0 0 0 0 0 0 0 0 0 0 0 0 0 0 0 0 0 0 0 0 0 0 0 0 0 0 0 0 0 0 0 0 0 0 3
3 0 0 0 0 0 0 0 0 0 0 0 0 0 0 0 0 0 0 0 0 0 0 0 0 0 0 0 0 0 0 0 0 0 0 0 0 0 0 0 0 0 0 0 0 0 0 3
3 0 0 0 0 0 0 0 0 0 0 0 0 5 0 0 0 0 0 0 0 0 0 0 0 0 0 0 0 0 0 0 0 0 0 0 0 0 0 0 0 0 0 0 0 0 0 17
17 0 0 0 0 0 0 18 0 0 0 0 9 9 9 0 0 0 0 0 20 20 20 0 0 0 0 0 0 0 0 0 0 0 0 0 0 0 0 0 0 0 0 0 0 0 0 17
17 0 0 0 0 9 9 9 9 9 9 9 3 3 3 0 0 0 0 20 20 20 20 20 0 0 0 0 0 0 0 0 0 9 9 9 9 0 18 0 0 0 0 0 0 0 0 17
17 0 9 9 9 3 3 3 3 3 3 3 3 3 3 9 0 0 0 20 20 13 20 20 0 0 0 0 0 9 9 9 9 3 3 3 3 9 9 0 0 0 0 0 0 0 0 17
17 0 0 0 17 17 17 17 17 17 17 17 17 17 17 17 0 0 0 20 20 13 20 20 0 0 0 0 9 3 3 3 17 17 3 3 3 3 3 9 9 9 9 0 0 0 0 17
17 0 0 0 0 0 0 0 0 0 0 0 0 0 0 0 0 0 20 20 20 13 20 20 20 0 0 0 0 0 17 17 17 17 17 3 3 3 3 3 3 3 0 0 0 0 9 17
17 0 0 0 0 0 0 0 0 0 0 0 0 0 0 0 0 0 0 0 0 13 0 0 0 0 0 0 0 0 0 0 0 17 17 17 17 17 17 17 17 0 0 0 0 0 3 17
17 0 0 0 0 0 0 0 0 0 0 0 0 0 0 0 0 0 0 0 0 13 0 0 0 0 0 0 0 0 0 0 0 0 0 0 0 0 0 0 0 0 0 0 0 0 3 17
17 0 0 0 0 0 0 0 0 0 0 0 0 0 0 0 0 0 0 0 0 13 0 5 0 0 0 0 0 0 0 0 0 0 0 0 0 0 0 0 0 0 0 0 0 9 3 17
17 0 0 0 0 0 0 0 0 0 0 0 5 0 0 0 0 0 0 0 0 9 9 9 9 9 0 0 0 0 0 0 0 0 0 0 0 0 0 0 0 0 0 0 0 3 3 17
17 0 0 0 0 0 0 9 9 9 9 9 9 9 9 9 9 9 9 9 9 3 3 3 3 3 9 0 0 0 0 0 0 0 0 0 0 0 0 0 0 0 0 0 0 3 3 17
17 0 0 0 0 0 0 0 0 17 17 17 17 17 3 3 3 3 3 3 3 3 3 3 17 17 17 17 0 0 0 0 0 0 0 0 0 0 0 0 0 0 0 0 0 3 17 17
17 0 0 0 0 0 0 0 0 0 0 0 17 17 17 17 17 17 17 17 17 17 17 17 17 0 0 0 0 0 0 0 0 0 0 0 0 0 0 0 0 0 0 0 0 3 17 17
17 0 0 0 0 0 0 0 0 0 0 0 0 0 0 0 0 0 0 0 0 0 0 0 0 0 0 0 0 0 0 0 0 0 0 0 0 0 0 0 0 0 0 0 9 3 17 17
17 9 0 0 0 0 0 0 0 0 0 0 0 0 0 0 0 0 0 0 0 0 0 0 0 0 0 0 0 0 20 20 20 0 0 0 0 0 0 0 0 0 0 0 3 3 17 17
17 3 0 0 0 0 0 0 0 0 0 0 0 0 0 0 0 0 0 0 0 0 0 0 0 0 0 0 0 20 20 20 20 20 0 0 0 0 0 0 0 0 0 0 3 3 17 17
17 3 0 0 0 0 0 0 0 0 0 0 0 0 0 0 0 0 0 0 0 0 0 0 0 0 0 0 0 20 20 13 20 20 20 0 0 0 0 0 0 0 0 9 3 3 17 17
17 3 0 0 0 0 0 0 0 0 0 20 20 20 0 0 0 0 0 0 0 0 0 0 0 0 0 0 20 20 20 13 13 20 20 0 0 0 0 0 0 0 0 3 3 17 17 17
17 3 9 0 0 0 0 0 0 0 20 20 20 20 20 0 0 0 0 0 0 0 0 0 0 0 0 0 20 20 13 13 20 20 0 0 0 0 0 0 0 0 9 3 3 17 17 17
17 3 3 0 0 0 0 0 0 0 20 20 13 20 20 0 0 0 0 0 0 0 0 0 0 0 0 0 0 20 20 13 20 20 0 0 0 0 5 0 0 9 3 3 17 17 17 17
17 17 3 0 0 0 0 0 0 0 20 20 13 20 20 0 0 0 0 0 0 0 0 0 0 0 0 0 0 0 0 13 0 0 0 0 0 0 9 9 9 3 3 3 17 17 17 17
17 17 3 0 0 0 0 0 0 0 0 0 13 0 0 0 0 0 0 0 0 0 0 0 0 0 0 0 0 0 0 13 0 0 0 18 0 9 3 3 3 3 3 3 17 17 17 17
17 17 3 9 0 18 0 0 0 0 0 0 13 0 0 0 0 0 0 0 0 0 0 0 0 0 0 18 0 0 0 13 0 0 9 9 9 3 3 3 3 3 3 17 17 17 17 17
17 17 3 3 9 9 9 0 0 0 0 0 13 0 0 0 0 5 0 0 0 0 0 0 0 0 9 9 9 9 9 9 9 9 3 3 3 3 3 3 3 3 17 17 17 17 17 17
17 17 3 3 3 3 3 9 9 9 9 9 9 9 9 9 9 9 9 9 9 9 9 9 9 9 3 3 3 3 3 3 3 3 3 3 3 3 3 17 17 17 17 17 17 17 17 17
17 17 3 3 3 3 3 3 3 3 3 3 3 3 3 3 3 3 3 3 3 3 3 3 3 3 3 3 3 3 3 3 17 17 17 17 17 17 17 17 17 17 17 17 17 17 17 17
17 17 17 3 3 3 3 3 3 3 3 3 3 3 3 3 3 3 3 3 3 17 17 17 17 17 17 17 17 17 17 17 17 17 17 17 17 17 17 17 17 17 17 17 17 17 17 17
17 17 17 17 17 17 17 17 17 17 17 17 17 17 17 17 17 17 17 17 17 17 17 17 17 17 17 17 17 17 17 17 17 17 17 17 17 17 17 17 17 17 17 17 17 17 17 17
17 17 17 17 17 17 17 17 17 17 17 17 17 17 17 17 17 17 17 17 17 17 17 17 17 17 17 17 17 17 17 17 17 17 17 17 17 17 17 17 17 17 17 17 17 17 17 17
